16403980
3066284
913297
7966500
11141489
7802433
859699
1427964
9057043
411167
18539812
2032657
2927384
9341662
1880840
1240372
2600795
26455594
408174021
182189016
1286012394
1693997846
831926343
7854367
29166036
4676386
5288250
1040674180
3219387638
1118016127
2502630232
90285049
18453239
31615911
45925659
2771349
18337899
132965208
3715892
621204786
12759779
128317453
154591495
27342491
279110
4354
38568467
98260624
25172
17235
991184
83500
1597680
38145
1648762
108272
50252
7540
286700
13393079
25413978
6336388
19451226
12040704
2442993
3896288
10945843
116007
5677907
22212410
5266639
97137
27063802
3673641
8510865
4106999
14019987
6622050
5034979
193836
60832
18942
612107
11923945
649144
5275658
3775107
2189249
328428
8944628
797554
2481102
1590698
870770
11546787
114403
10466331
735678
9652
777072
1025226
816533
11229196
2778515
5311370
